File               DER    Miss     FA    SpkE    JER      Time
---------------  -----  ------  -----  ------  -----  --------
iaab              7.69    0.00   7.69    0.00  20.45     17.30
iaad              6.25    4.98   1.11    0.17  14.21    217.18
iaae              6.50    5.76   0.73    0.00  23.10     60.04
iaaf              6.78    2.14   4.63    0.00  16.74     46.64
iaag             10.23    4.94   4.78    0.51  49.07     70.51
iaai              1.56    0.75   0.81    0.00  11.52     58.30
iaaj             19.07   15.97   1.44    1.66  47.51    169.91
iaam             16.19    4.48   2.00    9.71  30.13     40.58
iaap              9.87    8.28   1.59    0.00  28.04     49.75
iaaq              4.60    1.21   2.57    0.82  14.19     46.32
iaar             14.56    6.40   7.43    0.74  22.60     58.30
iaas             14.10    6.82   0.07    7.22  27.26    167.12
iaaw              1.21    0.95   0.26    0.00  42.19     53.87
iaay              7.09    2.59   4.50    0.00  23.81     32.03
iaaz             16.10   13.84   1.92    0.34  21.03     73.74
iaba             28.92   11.38   4.55   12.99  53.90    289.83
iabe             16.56   14.09   0.61    1.86  21.95     74.83
iabg              2.83    1.29   0.55    0.98  17.71     48.82
iabj              1.39    0.16   1.24    0.00   5.61    101.09
iabo             17.86    1.44  14.70    1.73  28.52     34.77
iabp              4.17    0.81   3.35    0.00  13.92     41.75
iabt             10.45   10.43   0.02    0.00  18.25     50.43
iabv              7.31    5.90   1.08    0.34  21.19     55.81
iabw              0.40    0.00   0.40    0.00  14.47     44.50
iaby              6.09    0.86   5.22    0.00  18.04     48.63
iaca              4.63    3.74   0.89    0.00  14.39     59.83
iacb              7.31    5.94   1.37    0.00  19.43     63.47
iacd              7.42    3.28   4.14    0.00  23.02     30.18
iacf             12.30   11.16   1.08    0.06  17.75    211.33
iacg             25.64    5.89   4.07   15.68  65.35    288.12
iach              1.34    0.16   0.83    0.35  18.79     43.27
iacj              8.53    8.48   0.05    0.00  14.26     75.27
iacl              0.98    0.22   0.76    0.00  13.83     45.96
iacp              6.01    4.60   1.40    0.00  18.01     51.25
iact             12.29   12.29   0.00    0.00  17.71     54.12
iacu              5.44    2.57   2.87    0.00  20.00     36.98
iacv              1.18    0.00   1.18    0.00  21.29     36.32
iacw              1.56    0.00   1.56    0.00  12.90     49.26
iacy              7.74    0.00   7.74    0.00  24.15     25.33
iacz              4.39    1.81   2.36    0.22  20.14     59.66
iadb             26.12    1.56   2.20   22.37  36.09     21.86
iadc             19.47   13.44   2.43    3.60  26.08     66.15
iadd              0.80    0.00   0.80    0.00  20.93     36.27
iade              6.58    2.56   4.02    0.00  20.44     50.77
iadf              3.61    1.69   1.91    0.00  19.29     31.87
iadh             13.32   12.71   0.35    0.25  18.57    287.10
iadi              6.43    4.92   1.51    0.00  17.93     52.23
iadl              5.55    1.82   3.73    0.00  19.43     29.72
iadn              1.22    1.04   0.18    0.00  12.44     39.41
iado              1.90    1.14   0.49    0.27  31.72     44.76
iadp             13.95    0.03  13.92    0.00  30.23     30.97
iadr             37.13    8.52   1.03   27.58  54.67    187.54
iads              3.92    1.55   2.36    0.00  12.34     63.07
iadv             11.44   10.21   1.24    0.00  21.79     41.94
iadw              2.88    0.90   1.30    0.69  45.35     47.85
iaea              4.10    3.16   0.94    0.00  10.46     78.56
iaec             15.21    4.66   8.60    1.95  34.94     61.41
iaeg              6.39    0.96   5.43    0.00  25.79     26.14
iaeh              9.39    0.00   9.39    0.00  22.01     41.96
iaej              3.55    0.00   3.55    0.00  56.16     48.48
iaem              7.93    1.80   6.06    0.06  50.51     33.31
iaeo              5.82    4.61   1.18    0.02  15.77     41.44
iaeq              2.80    1.17   1.04    0.58  35.10     99.66
iaer             15.73   15.60   0.10    0.03  28.15    144.86
iaev              0.96    0.57   0.39    0.00  26.68     54.25
iaew              2.51    0.00   2.51    0.00  18.82     37.51
iaey              4.42    0.85   2.03    1.55  19.67     41.39
iaez             10.56    7.02   2.20    1.34  19.15     99.63
iafa              4.15    0.21   3.94    0.00  19.24     37.85
iafc              4.54    4.05   0.48    0.00  13.54     63.93
iafd              1.70    0.73   0.97    0.00  14.66     41.24
iafe             18.54   12.89   4.02    1.62  37.86    149.68
iafg              7.57    7.52   0.05    0.00  20.87     60.61
iafh             52.95    9.12  18.07   25.76  63.03     54.62
iafi             20.48   10.48   3.81    6.19  31.15     50.88
iafl             17.29   10.19   6.03    1.07  28.00     56.22
iafm              1.92    0.24   0.14    1.54  20.23     41.59
iafn             32.92   17.34   1.73   13.84  65.25    210.34
iafp             13.24    8.40   0.57    4.28  37.64    157.39
iafr              6.43    2.22   4.21    0.00  15.45     78.71
iafs             10.69    6.56   1.38    2.74  25.38     69.38
iaft              4.73    2.57   2.16    0.00  22.57     50.58
iafu             11.61    1.14   3.36    7.11  39.39     43.75
iafv              3.46    3.32   0.12    0.02  29.96     64.07
iafw             10.84    4.90   2.97    2.97  27.25     31.64
iafx             22.06    9.52   2.98    9.56  60.98     71.77
iafy              1.42    0.75   0.66    0.00  10.12     45.16
iaga             23.61   18.83   1.99    2.80  36.83     55.40
iagc             25.23   16.42   1.66    7.16  66.75    308.72
iagd              2.19    0.00   2.00    0.20  20.30     45.59
iagf              1.08    0.25   0.82    0.00  14.86     35.34
iagg              5.01    0.09   2.15    2.78  59.69    227.12
iagj             23.87   20.10   0.21    3.56  47.25    254.77
iagk              2.87    2.13   0.64    0.10  10.84     67.70
iagl             10.37    0.07  10.29    0.00  25.44     40.23
iago              1.18    1.09   0.09    0.00  16.08     55.13
iagq              1.99    0.00   1.99    0.00  21.54     25.68
iagv              9.47    9.34   0.13    0.00  22.73    179.13
iagx             43.88   11.92   2.82   29.14  66.36    232.98
iagy             23.85   21.28   0.80    1.77  46.70    211.85
iaha              5.65    5.49   0.15    0.00  17.92     38.96
iahb             30.93   12.08   4.25   14.60  51.49    294.85
iahc              1.00    0.01   0.98    0.00  14.98     69.28
iahe              5.73    2.24   2.87    0.62  42.46    215.80
iahh             12.51    1.27   3.56    7.68  28.63     39.32
iahk              4.95    4.12   0.56    0.28  27.92    162.90
iahl              4.63    0.00   4.63    0.00  27.82     30.86
iahm              6.18    0.24   5.94    0.00  21.86     38.04
iahn              6.35    4.70   1.65    0.00  16.98     82.81
iaht              2.71    0.86   0.86    1.00  18.72     43.11
iahx              4.70    3.96   0.74    0.00  18.13     47.23
iahz              1.92    1.74   0.18    0.00   6.95     66.27
iaic              6.89    6.16   0.74    0.00  37.79     47.44
iaif              5.94    4.75   0.46    0.74  20.33    258.37
iaih              9.62    9.26   0.24    0.12  24.35     42.31
iaij             35.21   31.61   1.04    2.57  47.79    320.32
iaim              3.39    2.02   1.37    0.00  14.90     39.54
iain              1.64    1.44   0.20    0.00   9.95     64.44
iaip             16.35    3.01   3.13   10.22  47.26    245.40
iaiq              5.85    0.97   1.63    3.26  23.63    143.99
iair              1.79    1.64   0.00    0.14  13.93     41.97
iaix              3.08    2.44   0.64    0.00  25.42     38.93
iaiy              3.17    2.40   0.46    0.31  12.50     97.41
iaja             12.91   10.77   1.96    0.17  19.00     58.58
iajb             29.00    5.43   0.91   22.66  70.74     84.89
iajc              3.25    3.25   0.00    0.00  28.25     26.78
iaje              3.16    2.89   0.26    0.00  19.59     41.52
iajg              7.75    6.16   0.83    0.76  20.72    112.13
iaji              5.44    3.21   1.77    0.46  19.85     34.94
iajk              9.99    8.98   1.02    0.00  30.13     52.14
iajl             12.85    0.00   1.23   11.62  21.19     37.36
iajm              3.92    1.98   1.93    0.00  15.54     39.84
iajn              6.06    3.29   1.26    1.51  40.43    144.11
iajq             33.27   23.32   4.92    5.04  55.76    108.23
iajs              7.53    3.26   1.83    2.44  42.46    115.63
iaju              4.67    1.60   3.03    0.03  49.18     62.35
iajv              8.02    6.96   1.06    0.00  19.77     42.51
iajw              2.73    1.17   1.56    0.00  10.93     50.48
iajx              5.80    3.72   2.05    0.04  12.41     53.76
iakb              3.17    2.03   0.96    0.18  25.95     50.83
iakc              2.43    0.13   1.71    0.59  13.19     62.56
iakd              9.61    7.86   1.53    0.22  21.91     49.61
iakf              2.15    1.99   0.14    0.02  14.04    155.47
iakg             21.74   11.04   1.53    9.16  53.50    101.71
iaki             19.96    4.83   1.89   13.23  60.57    117.19
iakl              1.09    0.85   0.24    0.00  13.57     54.30
iakm              1.69    1.28   0.42    0.00  15.99     36.02
iakn              5.33    4.33   1.01    0.00  14.08    128.09
iakr              5.34    3.32   0.57    1.45  23.33    132.47
iala             12.29    9.64   2.65    0.00  21.60     45.25
ialb             48.57   32.85   1.54   14.19  54.18    156.13
ialc              0.26    0.00   0.26    0.00  11.76     50.09
iale             10.23    0.21  10.02    0.00  21.37     33.82
ialh             16.50    3.26   2.81   10.43  49.37     80.13
iali              4.83    4.15   0.68    0.00  13.53     54.47
ialj              9.49    3.73   5.48    0.28  25.51     49.63
ialk             11.51    5.76   1.45    4.30  42.27    408.50
iall              7.54    4.02   0.42    3.10  51.25    156.13
ialo             13.46   11.27   2.19    0.00  19.41     56.18
ialp              3.73    2.45   1.27    0.00  15.54     42.38
ialq              1.46    0.00   1.46    0.00  17.91     45.83
ialr              1.60    0.59   0.72    0.29  21.93     55.60
ials              6.02    4.36   1.62    0.04  17.84     56.17
ialt             12.91    3.12   8.95    0.84  21.88     52.20
ialv             41.38    2.71   0.98   37.69  61.57     42.80
ialw              4.23    0.00   4.23    0.00  27.94     22.94
ialx             21.10   17.61   2.18    1.32  26.33     45.49
iamg             23.48   19.76   0.62    3.10  48.76    568.70
iamh             11.64    0.90  10.74    0.00  26.43     34.28
iami              1.77    1.56   0.20    0.00  26.09     29.44
iamk              8.75    3.37   3.12    2.26  18.03     44.21
iaml             28.83    2.12   4.80   21.92  54.90     75.65
iamp              7.72    3.77   3.66    0.29  20.10     37.67
iamr              9.00    0.22   8.07    0.71  17.05     60.32
iams             22.12   11.32   1.42    9.37  47.31    231.92
iamu              4.74    3.28   1.35    0.12  40.70     85.38
iamv              4.92    2.49   2.43    0.00  14.93     50.24
iamw             13.66   11.16   1.04    1.46  62.38    395.47
iamz              7.84    6.32   0.54    0.97  27.66     33.05
ianb              8.57    7.58   0.98    0.00  26.70    231.72
iand              8.40    0.94   5.45    2.01  46.51     64.03
ianf              3.86    2.74   1.12    0.00  10.03     80.30
iang              3.13    1.70   1.43    0.00  27.64     30.67
ianh              4.43    1.61   2.82    0.00  18.29     39.06
ianj             18.36   13.14   3.91    1.32  32.29     80.54
ianp              3.88    2.58   1.07    0.23  23.54     38.36
ianq              2.28    1.30   0.98    0.00  21.07     50.02
ianr             23.94   19.69   2.82    1.42  32.85    190.68
ians              4.76    3.60   0.20    0.95  18.50    166.93
ianv             17.15   15.85   0.56    0.73  32.20    125.20
ianx              9.45    6.56   0.48    2.42  44.33     90.26
iaob             27.00   14.27   0.39   12.35  33.40     49.33
iaoe             13.14    8.63   4.51    0.00  18.67     40.11
iaog              0.11    0.07   0.04    0.00  17.11     45.10
iaoi              8.89    7.39   0.92    0.58  20.59     60.76
iaoj              7.26    1.12   6.09    0.05  22.15     39.25
iaom             13.56   13.29   0.27    0.00  18.17     54.86
iaon             24.02    0.79   0.41   22.82  50.58    148.00
iaop             39.55   12.26   3.25   24.04  68.13    177.26
iaos             19.02   13.90   3.57    1.54  31.97    180.80
iaou              6.08    4.29   1.74    0.05  26.22     39.16
iaov             31.61   18.10   1.02   12.48  56.08     94.85
iaoz              7.16    4.62   2.54    0.00  24.87     50.44
iapa             16.85    8.19   6.51    2.15  23.54     44.69
iapb              7.70    7.67   0.00    0.02  16.61     44.17
iapc             42.71    0.00  41.09    1.62  19.28     24.02
iapg             14.85   14.05   0.80    0.00  22.80     42.42
iapj              6.02    2.48   3.54    0.00  24.52     19.78
iapl             23.37   12.00  10.83    0.55  56.20     38.42
iapq              6.74    0.95   0.15    5.65  44.29     74.90
iapt              4.43    0.74   1.49    2.21  15.25     90.65
iaqb              6.17    1.72   4.44    0.00  17.92     52.22
iaqd              9.48    7.80   1.35    0.33  21.97     66.03
iaqo             20.14   16.60   3.54    0.00  22.88     88.44
iaqp             10.74    7.36   3.25    0.13  21.73     45.24
iaqq              2.50    2.14   0.36    0.00  15.98     36.01
iaqr              4.68    4.41   0.27    0.00  13.71     52.55
iaqt              0.41    0.40   0.02    0.00  13.39     57.96
iaqv              8.14    5.98   2.16    0.00  14.55     54.70
iaqw              6.00    5.95   0.01    0.04  18.14    413.63
iaqy             11.48    0.26  11.22    0.00  29.38     26.66
iaqz             16.66   10.15   2.54    3.97  39.35    112.23
iara              6.97    4.34   1.18    1.45  19.14     76.09
iarb             14.37    0.92  10.76    2.68  22.79     35.77
iarc              7.92    6.66   0.00    1.26  37.10     45.07
iare              0.37    0.35   0.02    0.00   8.45     57.10
iari              4.64    1.93   1.26    1.45  20.05     47.68
iarj             15.40    9.67   1.39    4.34  34.72     49.04
iarm              9.02    7.43   1.59    0.00  16.35    100.03
iarn              4.88    0.73   2.51    1.65  27.49     46.70
iarp             18.60   12.70   5.91    0.00  25.68     36.07
iarq             12.96   12.19   0.77    0.00  22.87     83.05
iart             32.21   31.89   0.00    0.32  35.16     94.20
iarw              1.84    0.62   1.22    0.00  11.43     51.51
iarx             11.73   10.26   1.47    0.00  19.78     49.71
iary              6.29    1.75   3.93    0.62  24.65     60.10
iarz              6.73    1.14   4.32    1.27  18.62     44.90
iasa              8.00    3.49   2.66    1.85  26.36     32.38
iasb              2.79    0.49   2.30    0.00  15.57     47.03
iasf              7.42    1.28   6.15    0.00  22.24     46.21
iash             17.64    3.59   9.56    4.49  46.03    170.87
iasl              1.09    0.66   0.43    0.00  11.19     57.90
iasn              1.56    1.52   0.05    0.00  25.82     65.19
iass              8.28    7.91   0.33    0.03  19.08     59.79
iasv              1.94    0.00   1.94    0.00  24.63     24.76
iasx             10.17    8.05   2.13    0.00  19.51     57.40
iasy             21.44   21.31   0.13    0.00  27.42     52.85
iata             11.53    0.00  11.53    0.00  29.64     34.77
iatd              4.95    0.20   4.75    0.00  30.17     50.33
iatf             21.67   10.78   2.33    8.56  38.93     35.63
*** OVERALL ***  13.60    7.80   2.06    3.74  30.32  20729.22
