File               DER    Miss     FA    SpkE    JER      Time
---------------  -----  ------  -----  ------  -----  --------
iaab             38.96    0.17  10.12   28.67  59.44     17.30
iaad              4.66    1.24   3.28    0.13  15.72    217.18
iaae              5.26    3.05   2.22    0.00  22.60     60.04
iaaf              6.35    2.12   4.22    0.00  16.46     46.64
iaag             17.83    4.23  13.56    0.04  52.29     70.51
iaai              1.53    0.74   0.79    0.00  13.19     58.30
iaaj             17.50   14.74   1.15    1.61  46.22    169.91
iaam              4.81    1.85   2.76    0.20  22.10     40.58
iaap             44.84    2.39  19.38   23.08  64.31     49.75
iaaq              6.09    1.86   1.79    2.44  16.45     46.32
iaar             14.58    9.19   4.48    0.91  23.36     58.30
iaas             12.02    3.93   0.80    7.29  25.63    167.12
iaaw              0.74    0.43   0.32    0.00  31.35     53.87
iaay              6.99    0.00   6.99    0.00  25.88     32.03
iaaz             15.38   12.52   2.65    0.20  18.78     73.74
iaba             26.27    6.06   6.41   13.80  50.27    289.83
iabe             13.92    8.29   2.14    3.50  21.22     74.83
iabg              5.00    0.84   3.75    0.41  20.80     48.82
iabj              0.25    0.05   0.20    0.00   4.11    101.09
iabo             16.34    1.84  14.09    0.40  28.49     34.77
iabp              6.95    0.57   6.37    0.00  18.50     41.75
iabt             11.10   10.69   0.24    0.18  21.50     50.43
iabv              9.53    6.36   2.83    0.34  24.21     55.81
iabw              1.62    0.20   1.42    0.00  17.31     44.50
iaby             36.87    4.71   0.21   31.96  66.28     48.63
iaca              7.20    2.31   4.90    0.00  19.16     59.83
iacb              5.85    2.74   3.10    0.00  22.91     63.47
iacd             11.43    4.21   7.22    0.00  27.54     30.18
iacf             11.30    8.03   2.59    0.68  18.85    211.33
iacg             60.69   16.47   1.49   42.73  92.14    288.12
iach             15.23    0.07   7.90    7.26  25.77     43.27
iacj              7.97    7.92   0.05    0.00  12.95     75.27
iacl              5.72    0.00   5.72    0.00  22.94     45.96
iacp              6.28    1.27   3.30    1.72  18.74     51.25
iact             11.73   10.35   1.39    0.00  17.30     54.12
iacu              9.22    1.73   7.19    0.30  26.13     36.98
iacv              7.41    0.00   7.41    0.00  27.69     36.32
iacw              2.82    0.00   2.82    0.00  15.02     49.26
iacy             15.71    0.00  15.71    0.00  31.07     25.33
iacz              4.32    2.61   1.49    0.22  21.74     59.66
iadb             34.95    0.00  18.71   16.24  36.93     21.86
iadc             24.66   12.65   2.55    9.45  33.17     66.15
iadd              2.65    0.00   2.40    0.25  25.33     36.27
iade              8.90    1.18   7.72    0.00  25.93     50.77
iadf              6.15    1.57   4.58    0.00  26.24     31.87
iadh             20.51   14.11   3.66    2.74  22.85    287.10
iadi             15.30    3.54  10.86    0.90  26.76     52.23
iadl              6.36    1.48   4.88    0.00  23.89     29.72
iadn              1.88    0.00   1.88    0.00  14.92     39.41
iado              3.75    0.71   2.55    0.49  34.75     44.76
iadp             16.98    0.00  16.98    0.00  32.13     30.97
iadr             35.11    3.70   2.70   28.71  48.97    187.54
iads              2.55    0.00   2.55    0.00  14.26     63.07
iadv             13.38    6.70   6.68    0.00  23.87     41.94
iadw              3.09    0.90   1.50    0.69  45.76     47.85
iaea              3.54    1.45   1.57    0.52  11.68     78.56
iaec             12.70    4.53   6.68    1.50  33.51     61.41
iaeg             21.19    4.48   4.13   12.59  36.07     26.14
iaeh             11.06    0.19  10.87    0.00  25.53     41.96
iaej              5.24    0.00   5.24    0.00  40.76     48.48
iaem              8.47    0.63   7.78    0.06  53.00     33.31
iaeo              7.72    2.92   3.93    0.87  19.97     41.44
iaeq              8.98    0.45   7.14    1.38  43.05     99.66
iaer             12.90   12.61   0.10    0.20  25.53    144.86
iaev              1.16    0.06   1.11    0.00  24.34     54.25
iaew              9.17    0.00   9.17    0.00  30.44     37.51
iaey              5.94    0.24   4.16    1.55  22.65     41.39
iaez              8.96    2.60   5.32    1.04  19.29     99.63
iafa              3.86    0.45   3.41    0.00  23.82     37.85
iafc              4.33    3.33   1.00    0.00  15.17     63.93
iafd             14.04    0.00   4.61    9.43  19.57     41.24
iafe             16.40    6.58   7.47    2.35  38.21    149.68
iafg              6.58    5.13   1.45    0.00  18.81     60.61
iafh             71.38    5.57  39.22   26.60  66.74     54.62
iafi             22.56   11.30   3.66    7.61  33.62     50.88
iafl             10.53    6.05   2.22    2.26  29.95     56.22
iafm              3.87    0.12   2.33    1.42  25.31     41.59
iafn             30.74    9.47   6.29   14.98  64.00    210.34
iafp             13.70    5.84   2.51    5.35  48.90    157.39
iafr              9.96    2.58   7.38    0.00  19.80     78.71
iafs             34.90    8.69  18.58    7.63  56.91     69.38
iaft             10.06    0.08   6.78    3.20  33.88     50.58
iafu             14.24    1.99   5.49    6.77  42.03     43.75
iafv              2.87    2.23   0.64    0.00  28.63     64.07
iafw             13.08    3.32   7.02    2.75  30.29     31.64
iafx             19.02    4.95   4.17    9.91  57.11     71.77
iafy              1.57    0.04   1.53    0.00  10.29     45.16
iaga             15.56   12.45   1.39    1.71  31.67     55.40
iagc             36.41   19.47   5.68   11.26  77.87    308.72
iagd              2.98    0.42   2.57    0.00  23.26     45.59
iagf              4.30    0.25   4.05    0.00  21.43     35.34
iagg              5.98    0.10   3.10    2.78  60.87    227.12
iagj             17.87   12.54   1.45    3.88  44.17    254.77
iagk              4.17    0.84   3.32    0.00  12.76     67.70
iagl             11.14    0.00  10.46    0.67  27.71     40.23
iago              1.32    0.00   1.32    0.00  21.78     55.13
iagq              8.37    0.00   8.37    0.00  26.82     25.68
iagv              7.17    5.82   1.33    0.02  19.12    179.13
iagx             42.16    6.29   4.52   31.35  65.15    232.98
iagy             20.13   14.95   2.64    2.54  45.96    211.85
iaha              6.24    3.77   2.46    0.00  20.95     38.96
iahb             27.30    8.66   4.33   14.31  48.00    294.85
iahc              1.41    0.10   1.31    0.00  17.36     69.28
iahe              6.63    1.55   4.53    0.55  44.21    215.80
iahh             22.48    1.96   3.64   16.89  33.17     39.32
iahk              4.37    2.19   1.71    0.47  24.98    162.90
iahl             12.25    0.00  12.25    0.00  36.11     30.86
iahm              7.33    0.50   6.83    0.00  22.84     38.04
iahn              5.94    2.54   3.41    0.00  19.68     82.81
iaht              4.08    0.00   4.08    0.00  23.04     43.11
iahx              4.43    3.37   1.06    0.00  16.18     47.23
iahz              7.41    2.41   2.58    2.41  12.11     66.27
iaic              6.70    4.93   1.77    0.00  37.59     47.44
iaif              5.55    2.83   1.80    0.92  20.32    258.37
iaih             12.22    8.51   3.47    0.24  26.92     42.31
iaij             30.04   23.98   3.35    2.72  41.09    320.32
iaim              4.81    0.73   4.07    0.00  18.06     39.54
iain              2.28    0.16   1.09    1.04  17.57     64.44
iaip             15.37    3.33   3.35    8.70  46.91    245.40
iaiq             10.47    0.08   7.13    3.26  26.86    143.99
iair              2.00    1.41   0.60    0.00  17.09     41.97
iaix              3.85    2.49   1.36    0.00  26.01     38.93
iaiy              3.26    0.72   1.72    0.82  13.44     97.41
iaja             12.68    9.70   2.65    0.34  18.55     58.58
iajb             35.29    3.48   8.34   23.48  74.55     84.89
iajc              3.96    1.19   2.58    0.19  29.89     26.78
iaje              1.08    0.00   1.08    0.00  23.93     41.52
iajg             16.88    5.41   1.31   10.16  46.95    112.13
iaji              6.93    4.55   1.55    0.83  22.79     34.94
iajk              9.44    5.66   3.78    0.00  29.57     52.14
iajl             12.04    0.08   7.09    4.87  19.99     37.36
iajm              2.38    0.23   2.16    0.00  16.99     39.84
iajn              8.00    2.56   3.77    1.67  43.65    144.11
iajq             34.36   12.10   7.52   14.74  68.49    108.23
iajs              9.74    2.02   5.63    2.08  42.06    115.63
iaju              5.26    1.49   3.74    0.03  49.52     62.35
iajv              8.54    6.73   1.81    0.00  21.16     42.51
iajw              7.03    4.77   2.26    0.00  16.47     50.48
iajx              4.22    0.74   3.44    0.04  13.70     53.76
iakb              3.31    1.40   1.91    0.00  25.34     50.83
iakc              2.75    0.00   2.16    0.59  14.57     62.56
iakd             26.16    6.03  14.25    5.89  24.83     49.61
iakf              3.09    0.93   2.12    0.05  18.31    155.47
iakg             21.71    9.44   3.05    9.22  53.94    101.71
iaki             25.25    1.29   8.17   15.79  65.23    117.19
iakl              1.25    0.83   0.42    0.00  14.33     54.30
iakm              1.92    0.28   1.55    0.08  18.81     36.02
iakn              3.98    2.59   1.39    0.00  10.85    128.09
iakr              6.31    1.86   3.00    1.46  26.41    132.47
iala             10.59    9.10   1.48    0.00  21.41     45.25
ialb             42.64   22.80   4.29   15.55  47.45    156.13
ialc              4.11    0.00   4.11    0.00  18.20     50.09
iale             22.38    0.21  22.18    0.00  26.69     33.82
ialh             16.80    3.13   2.95   10.72  50.24     80.13
iali              9.73    5.71   2.53    1.49  22.00     54.47
ialj             20.29    8.62   5.82    5.84  43.43     49.63
ialk             10.42    4.15   1.94    4.33  42.57    408.50
iall              3.56    2.47   0.99    0.10  29.53    156.13
ialo             14.92    5.80   8.31    0.80  21.34     56.18
ialp              4.96    4.20   0.76    0.00  18.49     42.38
ialq              5.76    0.00   5.76    0.00  26.49     45.83
ialr              0.86    0.86   0.00    0.00  20.87     55.60
ials              4.91    1.32   1.46    2.14  22.66     56.17
ialt              9.46    6.32   3.07    0.08  30.09     52.20
ialv             33.71    0.37   5.96   27.38  55.44     42.80
ialw             18.92    0.00  18.92    0.00  40.60     22.94
ialx             14.73   13.21   1.52    0.00  23.67     45.49
iamg             21.35   16.66   1.30    3.39  46.22    568.70
iamh             13.16    0.61  12.54    0.00  29.85     34.28
iami              6.79    1.56   5.23    0.00  30.95     29.44
iamk              4.89    3.14   1.74    0.00  16.56     44.21
iaml             52.89    1.30   8.10   43.49  63.67     75.65
iamp              6.45    2.23   4.22    0.00  21.57     37.67
iamr             10.25    2.45   7.46    0.33  17.98     60.32
iams             19.60    6.61   1.91   11.08  46.80    231.92
iamu              7.00    1.37   5.52    0.12  42.07     85.38
iamv              8.12    1.69   6.43    0.00  17.32     50.24
iamw             13.05    9.56   2.00    1.49  62.44    395.47
iamz              6.57    4.05   2.51    0.00  27.00     33.05
ianb              7.53    5.64   1.75    0.14  23.46    231.72
iand             11.92    0.61  10.07    1.23  33.50     64.03
ianf              4.48    0.00   3.74    0.75  14.12     80.30
iang              5.22    1.70   3.52    0.00  29.59     30.67
ianh              9.81    0.31   9.50    0.00  23.27     39.06
ianj             20.30   11.80   3.60    4.90  47.80     80.54
ianp              3.75    2.29   1.33    0.13  24.90     38.36
ianq              5.10    1.50   3.60    0.00  23.51     50.02
ianr             23.34   17.04   4.23    2.07  34.66    190.68
ians              4.07    2.84   0.65    0.58  19.47    166.93
ianv             14.92   12.26   2.25    0.41  28.18    125.20
ianx              9.30    5.98   1.42    1.89  44.93     90.26
iaob             28.50   11.05   1.66   15.79  34.48     49.33
iaoe             16.63   13.19   3.19    0.25  23.02     40.11
iaog              2.28    0.07   2.22    0.00  21.63     45.10
iaoi              7.34    2.75   4.02    0.58  17.50     60.76
iaoj             11.97    7.95   3.92    0.10  27.53     39.25
iaom             17.88   13.82   3.15    0.91  24.19     54.86
iaon              2.81    0.80   1.48    0.53  15.44    148.00
iaop             38.14    5.14   6.09   26.90  68.66    177.26
iaos             23.30   12.22   7.77    3.32  28.11    180.80
iaou              4.90    2.20   2.66    0.05  26.76     39.16
iaov             29.52   24.31   1.72    3.49  49.86     94.85
iaoz             11.42    3.51   7.59    0.32  29.99     50.44
iapa             33.65   11.68   8.28   13.69  36.01     44.69
iapb              6.32    5.46   0.38    0.48  17.81     44.17
iapc             58.16    0.00  58.16    0.00  22.60     24.02
iapg             14.12    8.84   3.61    1.67  24.79     42.42
iapj             13.35    1.47  11.88    0.00  30.45     19.78
iapl             15.90    4.14  11.35    0.42  53.21     38.42
iapq              8.06    0.83   1.59    5.65  45.47     74.90
iapt              4.40    1.06   2.48    0.86  16.89     90.65
iaqb              8.00    1.61   6.40    0.00  22.82     52.22
iaqd              9.81    7.19   2.59    0.03  23.60     66.03
iaqo             22.17   19.75   2.06    0.36  26.74     88.44
iaqp              9.35    4.60   4.75    0.00  18.17     45.24
iaqq              2.44    0.00   2.44    0.00  22.99     36.01
iaqr              9.55    3.37   3.60    2.59  17.11     52.55
iaqt              1.64    0.22   1.41    0.00  19.76     57.96
iaqv             12.72    9.56   3.16    0.00  19.42     54.70
iaqw              3.82    2.84   0.71    0.27  15.59    413.63
iaqy             14.89    0.00  14.89    0.00  31.53     26.66
iaqz             22.22   10.60   5.59    6.03  51.02    112.23
iara              8.11    3.42   2.98    1.71  20.21     76.09
iarb             24.24    5.42  13.17    5.65  30.72     35.77
iarc              7.19    6.28   0.09    0.82  31.01     45.07
iare              0.37    0.28   0.09    0.00   9.12     57.10
iari              5.62    2.08   2.89    0.65  18.97     47.68
iarj             16.19    9.69   3.51    3.00  43.78     49.04
iarm              7.63    3.85   2.89    0.89  18.17    100.03
iarn             10.75    0.00   9.10    1.65  29.56     46.70
iarp             15.55   10.67   4.88    0.00  24.11     36.07
iarq             15.92    6.92   8.83    0.17  26.75     83.05
iart             27.15   25.52   0.74    0.89  30.69     94.20
iarw              5.71    2.64   2.21    0.85  17.84     51.51
iarx             15.65   11.57   4.08    0.00  22.67     49.71
iary              6.74    2.90   2.48    1.36  26.36     60.10
iarz              8.93    2.81   0.67    5.46  22.88     44.90
iasa              8.12    0.71   1.73    5.68  29.87     32.38
iasb              5.51    0.28   5.23    0.00  22.27     47.03
iasf              3.85    0.97   2.88    0.00  20.85     46.21
iash             28.03    2.25  10.12   15.66  68.78    170.87
iasl              2.09    0.33   1.76    0.00  15.43     57.90
iasn              1.90    0.87   1.00    0.03  24.08     65.19
iass             13.41    9.57   3.80    0.05  26.90     59.79
iasv              5.65    0.00   5.65    0.00  33.38     24.76
iasx             19.43   13.97   3.54    1.92  27.63     57.40
iasy             17.52   16.23   0.91    0.38  25.95     52.85
iata              4.40    0.00   3.71    0.69  28.24     34.77
iatd             11.52    0.00  11.52    0.00  37.63     50.33
iatf             24.89    8.36   6.43   10.10  38.51     35.63
*** OVERALL ***  14.86    6.16   3.90    4.80  33.14  20729.22
