File               DER    Miss     FA    SpkE    JER      Time
---------------  -----  ------  -----  ------  -----  --------
iaab             12.64    0.18   0.67   11.79  36.70     17.30
iaad              9.78    7.38   0.71    1.70  21.65    217.18
iaae              7.84    6.54   0.00    1.30  30.00     60.04
iaaf             13.26    7.10   1.49    4.67  29.44     46.64
iaag             24.09   10.28  12.07    1.74  59.91     70.51
iaai              4.12    3.26   0.60    0.26  18.61     58.30
iaaj             22.95   19.18   0.91    2.87  51.81    169.91
iaam              4.58    1.50   1.35    1.72  22.58     40.58
iaap              9.95    6.45   1.16    2.33  30.99     49.75
iaaq              8.60    6.93   0.19    1.47  19.61     46.32
iaar              9.23    4.83   4.08    0.32  24.36     58.30
iaas             15.00    6.96   0.31    7.73  30.33    167.12
iaaw              0.95    0.80   0.15    0.00  54.44     53.87
iaay             13.21    5.63   0.47    7.12  40.46     32.03
iaaz             23.88   21.69   1.72    0.47  28.11     73.74
iaba             16.96    7.89   2.98    6.09  33.41    289.83
iabe             18.16    7.72   3.38    7.07  26.08     74.83
iabg              3.68    1.61   1.01    1.06  19.35     48.82
iabj              3.67    1.82   1.85    0.00   9.14    101.09
iabo             14.16    3.98   7.11    3.08  32.14     34.77
iabp              4.51    2.57   0.57    1.37  21.95     41.75
iabt             11.36   10.93   0.44    0.00  23.46     50.43
iabv             15.57    8.29   0.00    7.27  46.20     55.81
iabw              0.58    0.00   0.00    0.58  17.86     44.50
iaby              6.47    1.03   3.00    2.45  23.43     48.63
iaca              8.58    6.35   0.85    1.37  23.92     59.83
iacb             14.19    6.03   2.60    5.56  55.23     63.47
iacd             11.54    5.74   2.35    3.45  34.53     30.18
iacf             14.29   12.82   0.48    0.99  22.56    211.33
iacg             18.23    7.17   1.69    9.37  60.29    288.12
iach              2.33    0.30   0.42    1.62  25.69     43.27
iacj             13.08   11.16   0.86    1.06  22.16     75.27
iacl              1.41    0.00   0.67    0.74  25.95     45.96
iacp              8.38    6.13   1.75    0.50  21.99     51.25
iact             15.21   14.44   0.49    0.28  22.74     54.12
iacu             17.39    5.86   0.66   10.87  53.63     36.98
iacv              0.22    0.11   0.11    0.00  25.04     36.32
iacw              0.10    0.00   0.10    0.00  11.12     49.26
iacy              9.97    3.16   3.30    3.51  38.33     25.33
iacz              8.43    5.62   0.01    2.80  32.81     59.66
iadb              5.73    0.10   3.34    2.29  35.29     21.86
iadc             12.61   10.22   0.74    1.65  24.33     66.15
iadd             14.14    1.43   0.17   12.54  62.01     36.27
iade              7.98    1.36   6.09    0.53  28.97     50.77
iadf              4.20    3.01   0.28    0.91  25.60     31.87
iadh             15.29   13.20   0.81    1.27  22.26    287.10
iadi             15.45    6.16   5.72    3.56  31.80     52.23
iadl              5.99    3.19   0.62    2.18  24.93     29.72
iadn              4.66    3.25   1.05    0.36  18.44     39.41
iado              3.15    0.63   0.60    1.92  48.24     44.76
iadp             28.03    7.68  13.08    7.27  78.52     30.97
iadr              9.10    5.24   0.86    3.01  25.09    187.54
iads              5.53    2.29   1.32    1.92  19.41     63.07
iadv             13.25   10.73   0.66    1.86  29.40     41.94
iadw              2.22    1.40   0.14    0.68  43.88     47.85
iaea              6.33    2.78   2.98    0.57  16.07     78.56
iaec             18.10    7.44   5.11    5.55  41.09     61.41
iaeg              6.11    1.84   1.25    3.02  38.99     26.14
iaeh              3.41    0.88   2.12    0.41  23.67     41.96
iaej              1.13    0.27   0.87    0.00  56.53     48.48
iaem              9.70    2.01   1.17    6.51  61.43     33.31
iaeo              7.51    3.75   0.89    2.87  25.03     41.44
iaeq              7.99    2.46   3.85    1.69  43.09     99.66
iaer             17.19   15.02   0.01    2.16  33.01    144.86
iaev              1.77    0.35   0.09    1.33  55.34     54.25
iaew              8.28    1.23   4.23    2.83  32.78     37.51
iaey             10.50    0.29   1.61    8.60  30.74     41.39
iaez             13.40    8.59   2.74    2.07  22.65     99.63
iafa              2.43    0.29   1.51    0.63  25.03     37.85
iafc              7.89    3.60   3.97    0.31  18.12     63.93
iafd              2.77    1.85   0.46    0.46  25.16     41.24
iafe             19.66   11.82   3.02    4.82  57.57    149.68
iafg             12.23    7.96   0.18    4.09  32.59     60.61
iafh             29.38    8.81  13.21    7.36  57.96     54.62
iafi             15.32   11.34   1.56    2.42  28.13     50.88
iafl             15.99   10.99   0.00    5.00  56.36     56.22
iafm              1.37    0.00   0.29    1.08  24.84     41.59
iafn             24.46   14.60   2.26    7.60  49.39    210.34
iafp             16.19    5.61   1.51    9.07  54.77    157.39
iafr             13.70    2.91  10.47    0.32  22.68     78.71
iafs             17.25    6.09   2.47    8.68  56.05     69.38
iaft              6.84    5.22   0.08    1.54  57.88     50.58
iafu             23.36   10.88   0.25   12.23  75.62     43.75
iafv              6.15    4.01   0.00    2.14  54.26     64.07
iafw             42.83   14.51   0.73   27.59  62.67     31.64
iafx             21.75    6.90   0.15   14.70  64.70     71.77
iafy              0.99    0.72   0.27    0.00  10.36     45.16
iaga             17.63   14.99   0.56    2.08  55.29     55.40
iagc             15.57    5.85   6.03    3.69  44.84    308.72
iagd              9.70    1.21   0.00    8.49  58.67     45.59
iagf              2.07    0.28   0.23    1.56  24.62     35.34
iagg              4.63    1.01   1.00    2.61  60.47    227.12
iagj             20.93   15.17   1.56    4.20  38.81    254.77
iagk              4.61    3.86   0.07    0.68  15.58     67.70
iagl             15.78    0.15  14.87    0.77  30.66     40.23
iago              3.08    0.91   0.07    2.10  53.97     55.13
iagq              8.31    0.08   3.56    4.67  29.87     25.68
iagv             10.24    8.66   0.08    1.50  28.37    179.13
iagx             19.21   10.71   1.94    6.56  35.79    232.98
iagy             21.06   17.18   0.30    3.58  47.24    211.85
iaha              8.10    7.07   0.05    0.98  24.71     38.96
iahb             17.41    8.24   4.31    4.86  27.89    294.85
iahc              1.09    0.36   0.06    0.66  22.13     69.28
iahe              8.16    3.54   2.84    1.78  46.16    215.80
iahh              2.85    0.28   1.07    1.50  24.62     39.32
iahk              6.54    2.54   1.35    2.65  34.08    162.90
iahl              6.75    0.00   4.06    2.69  41.87     30.86
iahm              5.91    1.31   2.85    1.75  23.20     38.04
iahn              5.74    4.08   1.34    0.31  21.70     82.81
iaht              1.52    0.94   0.16    0.42  20.38     43.11
iahx             13.89    6.73   5.74    1.42  36.33     47.23
iahz              3.24    2.49   0.64    0.11   9.76     66.27
iaic              5.90    5.88   0.02    0.00  56.77     47.44
iaif              7.43    4.53   0.43    2.47  26.54    258.37
iaih             12.08    9.87   0.34    1.87  32.09     42.31
iaij             30.22   21.72   2.67    5.84  39.03    320.32
iaim              9.23    2.32   3.87    3.03  24.65     39.54
iain              3.18    1.97   1.11    0.09  20.47     64.44
iaip              4.98    0.59   2.98    1.41  27.91    245.40
iaiq              8.44    2.64   1.33    4.46  28.83    143.99
iair              4.20    1.17   0.12    2.91  22.23     41.97
iaix              5.01    1.26   1.16    2.59  30.60     38.93
iaiy             37.17    1.86   0.28   35.03  54.27     97.41
iaja             42.93   28.47   0.03   14.42  62.40     58.58
iajb             12.32    6.18   0.18    5.96  50.48     84.89
iajc             13.19    5.38   0.00    7.80  41.17     26.78
iaje              8.55    1.97   0.29    6.29  58.55     41.52
iajg             10.39    6.12   1.15    3.11  31.55    112.13
iaji             48.60   10.90   0.00   37.70  69.44     34.94
iajk             19.61   11.27   0.59    7.75  64.64     52.14
iajl              2.48    1.13   0.84    0.51  18.50     37.36
iajm              1.16    0.83   0.03    0.30  16.45     39.84
iajn             13.84    8.50   1.36    3.98  47.22    144.11
iajq             24.57    8.89   6.81    8.87  51.22    108.23
iajs              8.14    2.89   1.32    3.93  55.71    115.63
iaju             13.20    8.42   0.43    4.35  72.39     62.35
iajv             31.73   14.26   0.00   17.48  63.86     42.51
iajw              4.65    1.90   0.05    2.69  17.48     50.48
iajx             13.00    3.72   1.73    7.55  32.45     53.76
iakb              5.19    2.07   1.39    1.73  38.18     50.83
iakc              3.15    1.10   1.62    0.43  14.90     62.56
iakd             10.68    6.51   0.12    4.05  35.19     49.61
iakf              5.40    2.85   0.97    1.58  30.36    155.47
iakg             19.43   14.94   0.54    3.95  41.92    101.71
iaki              7.63    1.93   3.50    2.20  45.05    117.19
iakl              0.52    0.44   0.07    0.00  13.68     54.30
iakm              8.53    4.36   1.07    3.09  27.41     36.02
iakn              4.44    2.71   0.53    1.20  16.20    128.09
iakr              5.32    0.79   1.88    2.66  27.14    132.47
iala             16.10   12.15   0.87    3.09  32.48     45.25
ialb             47.59   30.22   0.71   16.66  58.20    156.13
ialc              1.91    1.28   0.34    0.30  16.00     50.09
iale              4.49    2.07   2.42    0.00  22.39     33.82
ialh             17.27   11.88   0.98    4.41  29.26     80.13
iali              9.23    5.92   0.00    3.30  23.73     54.47
ialj             12.38    3.47   3.90    5.02  40.20     49.63
ialk              7.85    5.18   1.37    1.31  21.28    408.50
iall              7.43    2.65   0.24    4.53  58.06    156.13
ialo             15.75   13.49   1.01    1.25  27.42     56.18
ialp              7.12    4.92   0.00    2.19  24.31     42.38
ialq              1.59    0.04   1.07    0.48  24.01     45.83
ialr              2.57    1.80   0.00    0.77  52.64     55.60
ials              7.26    5.76   0.00    1.50  28.44     56.17
ialt             17.55    9.13   3.43    4.99  38.36     52.20
ialv              2.87    0.70   0.63    1.54  49.11     42.80
ialw             12.91    0.00   3.14    9.76  70.96     22.94
ialx             44.54   22.42   0.00   22.11  69.46     45.49
iamg             29.36   19.38   0.95    9.02  48.23    568.70
iamh             12.41    0.88  11.05    0.48  32.17     34.28
iami             13.44    3.97   0.84    8.63  65.74     29.44
iamk              4.78    2.51   1.90    0.37  16.31     44.21
iaml             30.99    5.39   4.30   21.30  56.36     75.65
iamp             26.04    4.78   0.82   20.44  65.69     37.67
iamr             14.49    3.61   5.34    5.54  24.76     60.32
iams             12.64    8.00   2.25    2.38  23.96    231.92
iamu              9.34    1.12   5.77    2.45  46.46     85.38
iamv              6.67    5.72   0.04    0.92  19.96     50.24
iamw             17.63   13.71   0.93    2.99  63.00    395.47
iamz              6.22    3.71   0.00    2.51  30.82     33.05
ianb              9.00    6.16   0.88    1.96  31.56    231.72
iand              8.87    0.97   5.01    2.89  51.07     64.03
ianf              4.49    3.02   1.33    0.14  12.93     80.30
iang              1.90    0.00   0.85    1.04  31.33     30.67
ianh              2.17    2.01   0.07    0.08  21.15     39.06
ianj             19.73   12.57   0.61    6.54  44.44     80.54
ianp              3.64    1.85   0.82    0.96  30.32     38.36
ianq              3.47    0.05   0.96    2.46  21.95     50.02
ianr             21.51   16.90   2.20    2.41  30.18    190.68
ians              6.20    2.63   0.17    3.40  28.91    166.93
ianv             29.33   15.09   1.22   13.03  43.78    125.20
ianx             14.64   13.00   0.17    1.48  48.58     90.26
iaob             16.82   13.06   0.41    3.34  31.58     49.33
iaoe             18.10   14.92   1.33    1.84  28.88     40.11
iaog              1.86    0.62   0.55    0.69  23.72     45.10
iaoi              9.37    7.78   1.59    0.00  22.43     60.76
iaoj              7.07    1.73   3.93    1.40  23.84     39.25
iaom             17.97   17.01   0.00    0.97  33.08     54.86
iaon              2.13    1.14   0.31    0.67  14.62    148.00
iaop             20.63   15.46   3.01    2.16  48.21    177.26
iaos             14.12    9.70   3.12    1.30  26.23    180.80
iaou              4.88    2.50   1.84    0.54  29.47     39.16
iaov             23.31   12.52   1.67    9.12  45.42     94.85
iaoz             13.75    3.58   3.60    6.57  37.89     50.44
iapa             15.27   12.81   0.00    2.46  31.14     44.69
iapb              7.40    5.56   0.02    1.81  28.85     44.17
iapc             43.71    4.33  38.84    0.54  40.40     24.02
iapg             19.86   15.95   0.33    3.58  29.80     42.42
iapj             35.74    2.74   1.72   31.28  62.51     19.78
iapl             24.30    7.78  14.98    1.54  55.98     38.42
iapq              9.87    1.68   1.20    6.98  48.46     74.90
iapt             16.25    1.73  11.64    2.87  31.16     90.65
iaqb             11.30    3.27   4.47    3.56  36.01     52.22
iaqd             26.29   17.28   0.00    9.01  57.88     66.03
iaqo             25.11   23.13   1.39    0.58  30.14     88.44
iaqp              7.58    6.26   0.00    1.33  29.38     45.24
iaqq              5.47    2.89   0.16    2.42  35.03     36.01
iaqr              8.48    6.75   0.06    1.67  21.68     52.55
iaqt              2.24    0.47   0.69    1.09  32.38     57.96
iaqv             21.36   13.77   0.77    6.82  35.35     54.70
iaqw              6.82    5.35   0.35    1.11  24.19    413.63
iaqy             14.23    1.11  11.85    1.28  33.66     26.66
iaqz             27.38   16.92   3.60    6.86  52.90    112.23
iara              6.71    4.64   0.75    1.31  15.51     76.09
iarb              9.72    2.18   2.62    4.92  26.45     35.77
iarc             11.96    6.21   0.27    5.48  58.29     45.07
iare              0.25    0.25   0.00    0.00   7.70     57.10
iari              7.52    2.60   2.19    2.73  26.47     47.68
iarj             16.59   10.52   0.00    6.08  53.88     49.04
iarm             11.25    7.47   2.37    1.41  25.13    100.03
iarn              8.37    0.56   4.31    3.51  40.23     46.70
iarp             17.19   10.82   2.32    4.05  35.16     36.07
iarq             16.96   14.60   0.35    2.00  31.70     83.05
iart             31.80   30.05   0.49    1.26  35.64     94.20
iarw              8.44    2.98   0.68    4.77  22.40     51.51
iarx             12.48   11.17   0.56    0.74  26.37     49.71
iary              5.08    1.48   1.40    2.20  33.03     60.10
iarz              5.70    2.34   0.00    3.36  24.39     44.90
iasa             11.13    0.80   4.18    6.15  32.74     32.38
iasb              1.65    0.24   1.29    0.13  18.14     47.03
iasf              9.49    2.80   2.88    3.81  29.53     46.21
iash             25.02    3.19  15.12    6.72  52.14    170.87
iasl              2.26    1.27   0.38    0.60  16.92     57.90
iasn              5.34    1.79   0.02    3.53  57.57     65.19
iass             27.73    6.01  11.67   10.05  41.70     59.79
iasv              2.98    0.00   0.97    2.02  34.46     24.76
iasx             12.85   10.94   0.00    1.92  27.39     57.40
iasy             26.86   22.53   0.00    4.33  38.10     52.85
iata             13.20    3.54   0.75    8.92  60.70     34.77
iatd             13.61    0.72   2.03   10.87  76.78     50.33
iatf             24.33    7.33   0.31   16.70  44.02     35.63
*** OVERALL ***  13.62    7.69   1.92    4.02  37.32  20729.22
